Entity	0.09	0.12	-0.4	-0.16	-0.26
Noun	-0.84	-1.74	-0.58	-1.52	-0.41
Punctuation	-0.18	-0.33	-0.22	-0.82	2.15
Suffix	0.13	-0.74	0.42	-0.07	-0.04
Josa	-0.53	-0.92	-0.59	2.09	0.54
Verb	-1.59	0.18	1.31	-0.21	0.19
Number	-0.26	0.42	-0.52	-0.21	-0.02
Foreign	-0.42	0.16	-0.5	0.01	-0.03
Alpha	-0.32	0.52	-1.14	0.06	-0.56
ProperNoun	0.06	-0.39	0.13	-0.22	-0.08
Conjunction	0.13	-0.78	0.22	-0.01	-0.13
Adjective	0.23	-0.66	0.24	-0.15	-0.09
Adverb	0.07	-0.68	0.22	-0.05	-0.04
Determiner	0.04	-0.70	0.33	-0.01	-0.06
Exclamation	-0.14	-0.44	0.09	0.09	-0.09
VerbPrefix	0.43	-0.87	-0.06	-0.11	0.04
NounPrefix	-0.16	-0.42	0.31	0.03	0.10
PreEomi	-0.00	0.01	0.04	0.03	-0.02
Eomi	-0.12	0.33	-0.27	-0.23	-0.03
KoreanParticle	-0.40	0.02	0.15	-0.16	-0.08
Hashtag	-0.07	0.12	-0.17	-0.12	-0.01
ScreenName	0.18	0.28	-0.49	-0.20	0.08
Email	0.02	1.13	-1.03	-0.73	-0.18
URL	-1.68	3.01	-2.18	-0.82	0.84